# This file may be used to create an environment using:
# $ conda create --name <env> --file <this file>
# platform: osx-arm64
blas=2.116=openblas
blas-devel=3.9.0=16_osxarm64_openblas
bzip2=1.0.8=h620ffc9_4
c-ares=1.18.1=h3422bc3_0
ca-certificates=2022.12.7=h4653dfc_0
cairo=1.16.0=h29d4eff_2
click=8.1.3=unix_pyhd8ed1ab_2
cvzone=1.5.6=pypi_0
eigen=3.4.0=hc021e02_0
ffmpeg=4.2.2=h04105a8_0
fontconfig=2.13.94=heb65262_0
freetype=2.10.4=h17b34a0_1
gettext=0.21.1=h0186832_0
giflib=5.2.1=h1a8c8d9_3
glib=2.69.1=h514c7bf_2
gmp=6.2.1=h9f76cd9_0
gnutls=3.6.15=h887c41c_0
graphite2=1.3.14=hc377ac9_1
gst-plugins-base=1.14.1=h313beb8_1
gstreamer=1.14.1=h80987f9_1
harfbuzz=4.3.0=he9eebac_1
hdf5=1.12.1=nompi_had0e5e0_100
icu=68.2=hbdafb3b_0
jpeg=9e=h1a8c8d9_3
krb5=1.19.2=h3b8d789_0
lame=3.100=h1a8c8d9_1003
lerc=3.0=hc377ac9_0
libblas=3.9.0=16_osxarm64_openblas
libcblas=3.9.0=16_osxarm64_openblas
libclang=12.0.0=default_hc321e17_4
libcurl=7.87.0=h0f1d93c_0
libcxx=16.0.1=h75e25f2_0
libdeflate=1.17=h1a8c8d9_0
libedit=3.1.20210910=h1a28f6b_0
libev=4.33=h642e427_1
libffi=3.4.2=hca03da5_6
libgfortran=5.0.0=12_2_0_hd922786_31
libgfortran5=12.2.0=h0eea778_31
libiconv=1.17=he4db4b2_0
libidn2=2.3.4=h1a8c8d9_0
liblapack=3.9.0=16_osxarm64_openblas
liblapacke=3.9.0=16_osxarm64_openblas
libllvm12=12.0.1=h93073aa_2
libnghttp2=1.46.0=h95c9599_0
libopenblas=0.3.21=openmp_hc731615_3
libopus=1.3.1=h27ca646_1
libpng=1.6.39=h80987f9_0
libpq=12.9=h65cfe13_3
libssh2=1.10.0=hb80f160_2
libtasn1=4.19.0=h1a8c8d9_0
libtiff=4.5.0=h313beb8_2
libunistring=0.9.10=h3422bc3_0
libvpx=1.10.0=hc377ac9_0
libwebp=1.2.4=ha3663a8_1
libwebp-base=1.2.4=h80987f9_1
libxml2=2.10.3=h372ba2a_0
libxslt=1.1.37=h1bd8bc4_0
llvm-openmp=16.0.2=h1c12783_0
lz4-c=1.9.4=hb7217d7_0
ncurses=6.4=h313beb8_0
nettle=3.7.3=h84b5d62_1
nspr=4.35=hb7217d7_0
nss=3.74=h142855e_0
numpy=1.23.5=py310hb93e574_0
numpy-base=1.23.5=py310haf87e8b_0
openblas=0.3.21=openmp_hf78f355_3
opencv=4.6.0=py310h46d7db6_3
opencv-python=4.7.0.72=pypi_0
openh264=1.8.0=h98b2900_0
openssl=1.1.1t=h03a7124_0
pcre=8.45=hbdafb3b_0
pip=23.0.1=py310hca03da5_0
pixman=0.40.0=h27ca646_0
psycopg2=2.8.6=py310hf27765b_1
python=3.10.11=hc0d8a6c_2
python-dotenv=1.0.0=pyhd8ed1ab_0
qt-main=5.15.2=ha2d02b5_7
qt-webengine=5.15.9=h2903aaf_4
qtwebkit=5.212=h19f419d_5
readline=8.2=h1a28f6b_0
setuptools=66.0.0=py310hca03da5_0
sqlite=3.41.2=h80987f9_0
tk=8.6.12=hb8d0fd4_0
tzdata=2023c=h04d1e81_0
wheel=0.38.4=py310hca03da5_0
x264=1!152.20180806=h1a28f6b_0
xz=5.2.10=h80987f9_1
zlib=1.2.13=h5a0b063_0
zstd=1.5.5=hd90d995_0

